35203
35813
36601
36119
99599
85225
85296
85302
85201
85381
85026
85251
85282
85726
72202
92803
94509
93380
94704
91505
91910
94520
92628
94015
90241
91734
95624
92025
94533
92335
94537
93706
92834
92842
91205
94544
92647
90301
92619
93534
90802
90052
95350
92553
90650
94612
92054
91761
92863
93030
93550
91103
91769
91729
94801
92507
95661
95813
93907
92401
93001
92199
94188
95101
92711
95050
91355
95402
93065
95208
94086
91362
90503
94590
93277
91793
80004
80017
80903
80202
80525
80202
81003
80221
80030
06602
06101
06511
06904
06702
20090
33909
33990
33075
33310
32601
33010
33022
32203
33152
33023
32802
33024
33060
34952
33730
32301
33630
30608
30304
30901
31908
31402
96820
83708
60505
60607
60436
60540
61601
61125
62703
47708
46802
46206
46624
52401
50318
66106
66051
66204
66603
67276
40511
40231
70826
70509
70113
71102
21202
02205
02139
01853
01101
01613
48104
48233
48502
49501
48924
48311
48090
55401
39205
64052
64108
65801
63155
68501
68108
89015
89199
89030
89510
03103
07208
07302
07102
07510
87101
14240
10199
14692
13220
10701
27511
28228
27701
28302
27420
27613
27102
44309
45225
44101
43216
45401
43601
73019
73125
74107
97401
97208
97309
18101
16515
19104
15290
02904
29401
29201
57104
37421
37043
37950
38101
37230
79604
79120
76004
78710
77707
78520
75006
78469
75260
76201
79910
76161
75040
75051
77201
75061
76541
78041
79402
78501
75149
77501
75074
78284
76702
84199
84199
22314
23320
23670
23607
23501
23707
23702
23232
23450
98009
98108
99201
98413
98668
53714
53203